30
1.989e30 0.0 0.0 0.0 0.0 0.0 0.0
3.301e23 5.791e10 0.0 0.0 0.0 4.787e4 0.0
4.867e24 1.082e11 0.0 0.0 0.0 3.502e4 0.0
5.972e24 1.496e11 0.0 0.0 0.0 2.978e4 0.0
6.417e23 2.279e11 0.0 0.0 0.0 2.413e4 0.0
1.898e27 7.785e11 0.0 0.0 0.0 1.307e4 0.0
5.683e26 1.433e12 0.0 0.0 0.0 9.69e3 0.0
8.681e25 2.877e12 0.0 0.0 0.0 6.81e3 0.0
1.024e26 4.503e12 0.0 0.0 0.0 5.43e3 0.0
1.309e22 5.906e12 0.0 0.0 0.0 4.74e3 0.0
7.347e22 1.496e11 3.844e8 0.0 0.0 2.978e4 1.022e3
1.481e21 7.785e11 4.217e8 0.0 0.0 1.307e4 1.732e4
1.075e21 7.785e11 6.709e8 0.0 0.0 1.307e4 1.442e4
1.066e21 7.785e11 1.07e9 0.0 0.0 1.307e4 1.085e4
1.345e23 1.433e12 1.222e9 0.0 0.0 9.69e3 8.85e3
2.14e19 2.279e11 9.378e6 0.0 0.0 2.413e4 2.138e3
1.08e20 2.279e11 2.346e7 0.0 0.0 2.413e4 1.352e3
1.59e21 7.785e11 1.883e9 0.0 0.0 1.307e4 8.85e3
1.35e23 1.433e12 1.221e6 0.0 0.0 9.69e3 3.47e4
1.8e21 7.785e11 2.946e8 0.0 0.0 1.307e4 2.51e4
2.2e20 1.433e12 3.561e9 0.0 0.0 9.69e3 6.93e3
6.417e23 9.378e10 0.0 0.0 0.0 3.478e4 0.0
4.867e24 1.894e11 0.0 0.0 0.0 2.768e4 0.0
5.972e24 2.496e11 0.0 0.0 0.0 2.414e4 0.0
6.417e23 3.398e11 0.0 0.0 0.0 2.064e4 0.0
1.898e27 9.539e11 0.0 0.0 0.0 1.306e4 0.0
5.683e26 1.756e12 0.0 0.0 0.0 9.62e3 0.0
8.681e25 3.112e12 0.0 0.0 0.0 6.79e3 0.0
1.024e26 4.738e12 0.0 0.0 0.0 5.41e3 0.0
1.309e22 6.141e12 0.0 0.0 0.0 4.72e3 0.0